975703
809781
89786
685138
188971
282474
415665
475334
738101
893022
885809
893681
949986
580729
352850
570356
995797
805492
73571
825323
284147
309054
287474
407423
372409
71075
923573
826997
626945
51545
308724
377384
140726
251732
757372
348535
799715
207019
59078
750400
809186
346594
164791
343345
535216
267438
247313
165813
865360
551922
268192
937347
881180
298055
609372
897583
908882
184483
920537
245398
421621
11209
283862
491716
491629
256145
998213
12312
708209
734751
499717
596984
35121
374725
671705
629410
102776
570823
435716
620895
980310
724170
402185
22565
153222
892336
546830
460565
872447
169734
673086
458569
490831
793495
920480
660509
729382
338653
712506
130002
126431
235026
834358
178658
714176
421055
313964
456793
318515
915866
208438
331177
19236
752858
954444
103969
128075
261178
576617
61295
887479
579967
632285
212058
127020
336003
521821
853824
543726
486817
645632
480567
476193
52921
765792
567365
843393
947698
593241
955938
726353
972587
434592
281281
995583
66047
360974
532464
538129
307896
426281
960956
854777
393433
795450
385868
809079
989747
718208
921431
270910
547061
461097
937277
513354
15249
507187
438224
757854
41977
155029
844432
275331
866659
355799
266942
85888
941936
349172
681167
178652
130103
677904
295263
73143
472057
997842
595807
316762
186602
961670
296696
652297
308254
750293
30092
899443
83913
61605
810579
941953
638608
378247
302939
160204
589871
741179
471103
399708
594631
780786
401716
180068
55201
398798
937357
137511
797034
162599
382454
824933
917101
683764
696349
133719
368744
131805
804599
131326
297841
73354
632669
146134
309841
998724
12327
233738
680806
364179
905270
173212
363040
515702
648509
49436
647780
288494
527278
598119
76536
824109
751988
382615
105751
110883
778573
755756
423601
137599
227736
297630
788426
296332
808179
739448
289451
579702
295433
548776
618719
614160
23074
153669
318718
554017
980290
598090
470161
265274
167313
766678
269217
374384
989623
769854
961462
754741
95190
531353
59472
391394
192323
657032
145081
577708
988404
31855
62639
138899
386204