218235508 10
111872748 10
2B1A119E 16
10010010001000100000100110110 2
313187526 10
1ABA37CF 16
39566415 16
724930853 10
3340035540 8
235446412 10
188091825 10
EDC8A3C 16
705147426 10
595EE9 16
3123373320 8
10111000000100011110010100011 2
145602094 10
ED6399B 16
110110101001100111001100111001 2
2141D6C2 16
5156647746 8
934306204 10
872348462 10
364A5F66 16
11011110010001111110011110101 2
734610032 10
1001110000100000010111011 2
1A4FC847 16
8C043B8 16
11111000110000101011000110010 2
1C28B8F8 16
544522442 8
31E1126 16
38A8F361 16
381857037 10
10001000001100101010011100001 2
5747276656 8
5603666674 8
250C3468 16
7266621234 8
1100010001100000001100110010 2
11101011010011110000001110 2
1101100010110110111010111110 2
755839666 10
4410223176 8
508346430 10
2376674111 8
7BE8536 16
2D1FAF5 16
14C27A4E 16
1454614756 8
832772097 10
110001010100101001011110100011 2
CF9A551 16
3754160107 8
11000010101111001111000101010 2
110010001111000010101101111011 2
243425487 10
11010110100011001110011011111 2
923212358 10
398494512 10
100001010111100110010110001000 2
1472881 16
3566246270 8
269132264 10
361218460 10
980523045 10
208380797 10
324102801 10
6766611436 8
11010111100100001100001100010 2
176525061 10
101110000110100000110111100000 2
85838D2 16
2512261200 8
101101111000111101100101010111 2
6426775160 8
101011110011100110001000001010 2
101010000000000011100100101111 2
412043171 8
11C1647D 16
3346785A 16
1BBB8A8 16
370001442 10
904055853 10
1155772744 8
10000011111101111000101000011 2
397650585 10
1101110011011011011100100111 2
406316152 8
10110011011110 2
2034D4BD 16
474234941 10
896801561 10
176343310 10
129007986 10
3B96A391 16
1EDC7EDE 16
34E2A3FF 16
100000110101011100101011000 2
669147624 10
BB77C9D 16
734856463 10
11DAC774 16
4672266661 8
2C26CFE6 16
6164044405 8
1098E39F 16
708047707 10
100100000101011010110111101011 2
713271246 10
906592035 10
647355694 10
6222264755 8
11001011010110010110100 2
3050562264 8
1175345600 8
100001111111110111000011111 2
256737134 8
797374893 10
3171201357 8
70538359 10
100100110111100010111101110011 2
101011100110000001110101100111 2
14781E62 16
182007578 10
330446804 10
11110101011011000101100100 2
1355033360 8
2798C92C 16
216B15B5 16
29DC2A66 16
8B395AF 16
7321553450 8
1FBE522B 16
16CBF87C 16
110110010110110111000000100001 2
5044064764 8
100001011001000100100111110001 2
701124766 10
4622057246 8
148667050 10
11111001010110001100111000 2
3157224307 8
460791854 10
11001011111100010101101001110 2
5673246112 8
357FDDB8 16
110010110110011100010110000101 2
5700530405 8
803427303 10
110101101100100101101111111000 2
10B06AAE 16
3457752670 8
1F4677E 16
100110110011100010011001100101 2
11100110001000100100010101001 2
520307596 10
491872361 10
257E6BFE 16
220D02B9 16
652142537 10
3244520730 8
105382077 10
311570492 10
2960255A 16
933712642 10
4708FFA 16
2C821FAD 16
6021271110 8
401259547 10
939015497 10
5534357243 8
14873FF5 16
10100001010000111110001101100 2
334586868 10
3460460427 8
5304033563 8
485056018 10
2111307337 8
2040454736 8
32CA6C56 16
503756167 8
110011001001110100100110101 2
760046415 10
101001000010101001001010111001 2
3796EDD4 16
1B38C9F4 16
761070107 10
23186906 10
2CD5DCB0 16
4361644057 8
152714169 10
115463766 10
994B0E4 16
7345244732 8
11100111011010100111111110101 2
2471660450 8
189780044 10
6456574534 8
10111010001010100101101100010 2
11DFFFEE 16
485862749 10
11FC60DF 16
751893758 10
878926631 10
110010100000101010100001001100 2
4030041575 8
2723357713 8
800577704 10
104FD348 16
455054503 10
952507690 10
3651450557 8
139CEE72 16
29403899 10
4103370254 8
365C695 16
645033037 10
421B73A 16
86462200 10
39C92195 16
37965177 16
3716361276 8
11011011001110001010011110001 2
655394461 10
10110011010100000101100110100 2
2576642164 8
117634109 10
999D6C0 16
10100101011001000000000100101 2
10011101001110010001101001011 2
573692422 10
1B77A250 16
6161434721 8
11011000110100101101000001111 2
373997112 10
212124356 10
866796470 10
100000100000100110010011000110 2
400942476 10
3351695 10
216824597 10
531822775 10
2652E491 16
11000011010101010000011110 2
4421135617 8
29B622BA 16
10111100100011110100110101000 2
1620644073 8
6631B0D 16
1155424355 8
101010001101000101001101100101 2
5880653 10
161151526 10
8567113 16
1503164423 8
3717623425 8
147722106 10
210789196 10
996711454 10
110111001100101011101111111001 2
100010101101101101111010000 2
2042173571 8
110010010001010111101000000111 2
10100011110000010111101 2
6502603107 8
22F67BA2 16
39F6FC15 16
4042521753 8
529976406 10
821566390 10
6FF9687 16
2B3DDF28 16
3043240761 8
2DAE83A5 16
142604573 8
235C76BC 16
636345370 8
21740252 16
32864AAF 16
3335512624 8
3372524770 8
792443909 10
100101011001100110000111000110 2
1670173351 8
10111000010110111000111100110 2
174B0BA0 16
10101011011000011110011010 2
429840806 10
65D8F7F 16
2B98FD5A 16
23CAD53A 16
21666420 10
1666471110 8
1416552133 8
2140424421 8
101010010001101110111010010001 2
1351744300 8
33DE9989 16
14AF12B2 16
1254466015 8
5036337336 8
10111110011111010110100101101 2
4526257625 8
182748070 10
E52562 16
1101101001101010011100010010 2
10110111111011011001101101111 2
3037114000 8
879031604 10
340BCB4A 16
3724207307 8
710030695 10
4342063164 8
29B9C114 16
1011000011100010100000111101 2
3015407261 8
32290E27 16
11001010100001001101001110000 2
252571139 10
679657046 10
34752CE2 16
520063969 10
629814927 10
10111101110001010111011101000 2
2615004414 8
42E1C87 16
1110001111100101010100100100 2
366847DF 16
11100000101000000100111101101 2
608095225 10
2444245127 8
864282363 10
25E49F44 16
333835F6 16
4560445140 8
11000111011010101000100100110 2
876996287 10
101001100010010001010111000111 2
854915519 10
10011000100010111111111111010 2
100111101110010000101001100000 2
36405303 16
447374265 10
5515577762 8
110001011110110101011101100101 2
872980779 10
6523546740 8
677910616 10
1011110001010001101110110010 2
3695F138 16
21DDFBC0 16
605089255 10
C4CADE 16
1011111110001101101001010000 2
2EF07C0C 16
803383107 10
6146554431 8
2332504133 8
25594098 10
1110100000001100100101000010 2
10111100111101111000111110111 2
111010000000100110111101011101 2
18B5C858 16
1413267046 8
100000110110010010110010001010 2
1004F20F 16
110001111111110111010010000111 2
733092727 10
101100101110000101110001111 2
218426345 10
125554703 10
1354662577 8
1100100100110000101001110 2
6015661055 8
31AB514C 16
100111000100001010110100100010 2
39DFF6A1 16
100110001011101101010011010111 2
D372AE0 16
5727227621 8
B732FB5 16
7336746733 8
880799832 10
10001100000001010011000001 2
6430711417 8
2C982B8E 16
BECE705 16
932044464 10
37FBAAEB 16
351633437 10
6430627760 8
875573212 10
1010100011101101111111010110 2
177182462 10
976799811 10
381372828 10
2040B03D 16
101111111000110000001110011 2
5765100617 8
4623722342 8
4316250176 8
2727233166 8
675151603 8
1575D8B8 16
110000100111111111100101110000 2
35837151 10
11010110000001110000010101100 2
2044332125 8
1432141776 8
110001110100011001101011101000 2
3765050610 8
1101010101000010101100001000 2
552501705 8
355534444 8
3803AFBD 16
718193195 10
893491892 10
2651514252 8
2F683ED3 16
2532466456 8
4751241227 8
541532426 10
3203477320 8
11010101011010010000110010001 2
2E6D2261 16
2651352B 16
291371416 10
1363445365 8
734964439 10
B272BDB 16
1581350D 16
201009169 10
38F8871B 16
13B0A275 16
4560753466 8
100000000000101111011111110001 2
260893141 10
10111110011101111000110011110 2
506826120 10
334478492 10
1557042464 8
204185092 10
41706534 8
1011011011101010100101010100 2
4456365657 8
10001100001101011100011001001 2
11110001101001010101100001010 2
878752567 10
100110011101100001101000001011 2
58F4E1B 16
7321647201 8
103664170 8
469768790 10
101101000110010011011011011000 2
110110100101101011101011111 2
6671562556 8
CE2D4B2 16
100000101010011001001110001000 2
325FA3F1 16
562733627 8
172182871 10
100100110100111011111000011010 2
EDD6E1B 16
673087984 10
2720140702 8
599756818 10
111010011100110101111100011010 2
1010001110100010010101111001 2
7204506353 8
21A07E28 16
101010110000000001110001011001 2
32C726EE 16
100101000111000010111011001001 2
10101101000011001011111111110 2
820594142 10
4003200632 8
22BC5211 16
10001000010110001011110010110 2
1330543251 8
6333424651 8
40576174 8
21381D5E 16
92888584 10
100100000100101111001101001001 2
1011110000111111111000011111 2
843025555 10
D4529F6 16
192913530 10
1010101000101110100100001111 2
100000001101000101010100100101 2
100100101000101111001110000011 2
101101010000011101101100001111 2
10101010000100110100110000111 2
2F2B8316 16
11100110100011101100001100001 2
824866169 10
1216446163 8
5374162651 8
120339807 10
110101100001000110011101101000 2
1111001111100001111011101001 2
1322347267 8
317570069 10
57355814 10
945251523 10
347174534 8
101110010110100001111101111111 2
10101000110110000000101011 2
7ED88E3 16
318FCF95 16
212F969C 16
C997FE2 16
10011011110100010110101111110 2
101100001011011000110101000001 2
1332450446 8
1E68E664 16
259941939 10
110111000001001001101100101111 2
BAABB4D 16
5331577337 8
743329093 10
6234031464 8
2401A303 16
65473084 10
1343164374 8
1462635712 8
816733380 10
10000101011101111110111001001 2
247535801 10
1311601203 8
176466027 10
277036164 8
1F18F90E 16
757546554 10
1375736747 8
11000010000000000001001000 2
F53D6C5 16
371B0E9C 16
6BD208A 16
100011111100110001001001001101 2
35074562 10
4607674314 8
101001100011000011110100101011 2
122373503 10
632810177 10
574173816 10
17CB76B0 16
2336440126 8
4055627753 8
DEC5CBE 16
4641235323 8
3411073330 8
1010111011010100100100010100 2
1111001101100111000111100100 2
526757714 8
A21250C 16
2431667466 8
1235634777 8
5054733415 8
100011000101001011011000000001 2
11FB0D49 16
12CF2BCC 16
3067077773 8
950419931 10
451299352 10
100001001101011101111110011010 2
381672198 10
1101101100011010010110011101 2
9B5EABF 16
2B5EDE56 16
101001101000110000010101011 2
31560EB2 16
101010111101000111111110110101 2
420044336 8
23F788FE 16
10101011111111110101010101110 2
2065610276 8
1010001010111001101010000110 2
568164107 10
6027BFF 16
994035546 10
28971996 16
16F7009D 16
1000100100011100100111101111 2
101111011110101000010000101001 2
87913346 10
5454332711 8
2DD06E21 16
11010000011100110111111001111 2
826755414 10
141069942 10
19587972 10
101110001000010010100101010011 2
1110100010111100000111101001 2
36736D08 16
5402260437 8
1460053263 8
11101011100111001001111100011 2
1000110100011111110111100001 2
33EDCC4E 16
227711722 8
1001100111101110111010100010 2
3526236312 8
6440470005 8
329CEB0A 16
3265137366 8
10101001110110111011010100010 2
101000010110000100111000110011 2
334631701 10
679912952 10
402120130 8
3067570473 8
879069493 10
1525700546 8
101011101000010101010111100111 2
4445666543 8
241255F5 16
3334421235 8
2BABA5E2 16
512614556 8
2A405AAD 16
5103606373 8
5507356665 8
2D552E0D 16
11110011110111110011001000101 2
100100111111110111010101011011 2
2361221634 8
32227231 10
96ED977 16
27B1854C 16
1000001111000010011110110110 2
6263326076 8
74E911E 16
32222BF7 16
10100010100011111101001010100 2
11101011010110011110001110001 2
35D10B38 16
101001000100100010001010000110 2
4310721171 8
3432D419 16
167661767 8
659882571 10
20D291B9 16
2331760256 8
6454051510 8
112179832 10
243519213 10
119679116 10
100111000000100110000001110 2
1001111000011011101000111100 2
11010101000010011110010110010 2
129376627 10
157756181 10
345910702 10
2525344622 8
5072123160 8
1111111001010101010011111001 2
11000101001101000111100000000 2
10100000100100011110010111111 2
2053772743 8
1F75EFF4 16
B542350 16
2462652723 8
852825412 10
101011110111110111001100111001 2
34732F7C 16
101111000001100010100101001 2
2700144603 8
2254450051 8
2234AE4C 16
DE71EE7 16
369287066 10
100100001001000101101011010111 2
143146456 10
2264261511 8
1505175476 8
27F26FF9 16
6227371246 8
640566998 10
1036144604 8
1621510174 8
811720648 10
36DB9C3D 16
11DCA994 16
2C5BC53 16
11000001101011001001101100001 2
4562432115 8
811811088 10
3DEE41E 16
248818E2 16
4A53C5E 16
485187849 10
110011100000010101000001100101 2
23310708 10
285208693 10
110101111111111110101101111111 2
100000101000001001011110100 2
347F6598 16
101110011011110110110111000010 2
4076170624 8
11100101001110010100110001011 2
11111010111010111110101101110 2
230660616 8
11011001110011010101000011110 2
430998545 10
185567526 10
4241442057 8
3159F931 16
11011010100100001010111110010 2
10101001111110110100001011011 2
111001001010011111011001101100 2
2BBA885A 16
5606045560 8
818023361 10
110100010001100010010000011000 2
100110010001011001001110001010 2
100111100111100111100110101011 2
111000001010110001011011011111 2
101010110000111110010000100100 2
2666510774 8
EBAB40E 16
39810290 10
634698719 10
1B3AA7D2 16
1110110011111010011010100101 2
100011101010011011110010010100 2
2504BB1F 16
2F94A6D6 16
2671146152 8
1203574342 8
3494A846 16
590508572 10
573250414 10
1011110111110100100100001001 2
2930B545 16
20FEF8C8 16
37103988 16
246CE55A 16
306143464 10
336262767 8
403470585 10
1011110111010100000000001100 2
150519994 10
879637204 10
111000111000101000001101001 2
28E4BB4E 16
2B4F638D 16
11010110110111000111101000 2
825015791 10
6434203034 8
3763430474 8
352726764 10
11110110000110000011111101101 2
2726766454 8
170058AC 16
63759962 10
8577837 16
101111101011111000000100111000 2
4435706045 8
2D24F8C1 16
260714632 8
7037430453 8
205EC37C 16
5354751531 8
101011101010001111110010110 2
AAFEB79 16
11110101000111110101011001 2
25794028 10
526560421 8
1357056657 8
990344509 10
1745347271 8
10001011000000110000000111001 2
5751007462 8
11110010001011111011011110011 2
164057424 8
5050360572 8
782593037 10
2542125576 8
4D94B6F 16
4157343305 8
213BF12 16
3B57A89E 16
6715101522 8
5141324710 8
5037301611 8
394773FD 16
326799230 10
BDD4B13 16
697527054 10
701735352 10
900248417 10
110010000110010101110101001101 2
2725001012 8
3030C840 16
982071003 10
3710351516 8
4623703343 8