Function A: ADD 274
Function B: MULTIPLY 65
Function C: RAISE TO THE POWER OF 3

9200
5851
9836
4474
8389
6188
6863
4191
9418
4694
3174
8799
7605
5787
5702
1301
7537
6117
7783
2771
3727
5882
4143
8643
9139
2624
9048
5798
2418
3634
7276
9454
4702
2398
2066
1334
1253
4680
9047
1504
6889
6659
7972
9472
4802
7097
6086
7026
6607
7343
6932
2250
6224
8825
8551
6340
8318
8598
9914
9600
8363
7902
3058
6987
9320
1330
5469
2094
5305
3207
7215
7906
5080
7357
5459
6774
4717
4120
8887
9138
2775
6963
6385
4359
9960
9601
4717
5633
1713
2098
9116
7912
4564
4315
3048
1032
5293
4429
5548
1021
9391